-4.137843447472417210e-05
-3.749298172332033249e-05
-3.295571500094388739e-05
-2.783844762919864788e-05
-2.222265915570814667e-05
-1.619827991887955878e-05
-9.862341182131178398e-06
-3.317509354342760615e-06
3.329475444192644432e-06
9.969434708294177839e-06
1.649243776286725695e-05
2.278951490001757628e-05
2.875437280602206877e-05
3.428508729011040315e-05
3.928574829261798090e-05
4.366803244500194227e-05
4.735267908298813503e-05
5.027084657772401809e-05
5.236532714528782645e-05
5.359159991519441452e-05
5.391870397240137644e-05
5.332991531907762308e-05
5.182321421190234126e-05
4.941153209332338676e-05
4.612277032193588095e-05
4.199958608455386987e-05
3.709894420312327652e-05
3.149143699196357089e-05
2.526037783006379074e-05
1.850067764139587975e-05
1.131751697298416992e-05
3.824829773531109671e-06
-3.856381748765951890e-06
-1.159987872591160852e-05
-1.927613838396311541e-05
-2.675440010448972944e-05
-3.390477475081046175e-05
-4.060038541360512163e-05
-4.671950636450976168e-05
-5.214766611471525343e-05
-5.677968009024743687e-05
-6.052157858176795751e-05
-6.329239632206966153e-05
-6.502579129840724628e-05
-6.567146222022067774e-05
-6.519633642720116487e-05
-6.358550292009041490e-05
-6.084286859954043578e-05
-5.699151966959284328e-05
-5.207377445527015141e-05
-4.615091854277424854e-05
-3.930261811170928819e-05
-3.162601251978333129e-05
-2.323449254290995596e-05
-1.425617608310630744e-05
-4.832098544278402455e-06
4.885859650130303364e-06
1.473728085716438012e-05
2.455572102598516172e-05
3.417138684231584570e-05
4.341393863560988320e-05
5.211537515237600686e-05
6.011295361423385302e-05
6.725209650423818000e-05
7.338923531815115292e-05
7.839454112556478935e-05
8.215449224338087597e-05
8.457423065154874380e-05
8.557966098407640727e-05
8.511924899767985193e-05
8.316548033088594035e-05
7.971594507707648470e-05
7.479401914929105564e-05
6.844911954092183369e-05
6.075651729867025461e-05
5.181669922287367945e-05
4.175427688417471386e-05
3.071644937274654890e-05
1.887103414655373108e-05
6.404088281755569024e-06
-6.482849789596086818e-06
-1.957586048468137730e-05
-3.265204060231903814e-05
-4.548314709914660258e-05
-5.783943026829066171e-05
-6.949359455542211434e-05
-8.022482127007501409e-05
-8.982278451907765285e-05
-9.809158988719602181e-05
-1.048535647833632865e-04
-1.099528300052099818e-04
-1.132585839750525111e-04
-1.146680342701831342e-04
-1.141089154893973703e-04
-1.115415381233250019e-04
-1.069603198624037409e-04
-1.003947585947904063e-04
-9.190981510716636439e-05
-8.160568307409590502e-05
-6.961693415766755360e-05
-5.611103677387485096e-05
-4.128625813699089253e-05
-2.536897037867426324e-05
-8.610392657812798112e-06
8.717187971276940637e-06
2.632466378285487122e-05
4.391075883352620551e-05
6.116701493190894586e-05
7.778303160270206044e-05
9.345187392809458813e-05
1.078755569171141297e-04
1.207705113146859556e-04
1.318729336238100172e-04
1.409439226571459797e-04
1.477743062110322639e-04
1.521890644879793852e-04
1.540512616744974385e-04
1.532654035692300129e-04
1.497801472793429563e-04
1.435902986571953278e-04
1.347380442002059917e-04
1.233133764216285712e-04
1.094536850292244639e-04
9.334250040941833139e-05
7.520739067283974100e-05
5.531702862294841835e-05
3.397746019970233737e-05
1.152762095407668269e-05
-1.166583834776264099e-05
-3.521434208271979514e-05
-5.871370837441358253e-05
-8.175089667122724000e-05
-1.039110749672933205e-04
-1.247848889852629431e-04
-1.439758091926439788e-04
-1.611074271409415821e-04
-1.758305704274522373e-04
-1.878301056755720484e-04
-1.968313013638724011e-04
-2.026056271191803860e-04
-2.049758731945032031e-04
-2.038204832063064936e-04
-1.990770046925421498e-04
-1.907445755169750209e-04
-1.788853793914242749e-04
-1.636250205835512814e-04
-1.451517859584308722e-04
-1.237147815726942067e-04
-9.962095078129341614e-05
-7.323100089012170712e-05
-4.495428544040447067e-05
-1.524270888287440695e-05
1.541626067037486878e-05
4.650736709701619697e-05
7.749601041082787134e-05
1.078372248766757026e-04
1.369850440200323606e-04
1.644020952522579743e-04
1.895692592063114175e-04
2.119952240233104060e-04
2.312257628970259844e-04
2.468525642705544226e-04
2.585214482342670862e-04
2.659398098900280644e-04
2.688831406617969689e-04
2.672004916299409029e-04
2.608187587745891219e-04
2.497456883084526080e-04
2.340715207884759585e-04
2.139692150997918709e-04
1.896932173449748370e-04
1.615767647518666773e-04
1.300277405103308502e-04
9.552312151689278032e-05
5.860208688612827564e-05
1.985788031300925565e-05
-2.007145652343671067e-05
-6.051333979167650032e-05
-1.007717283262122757e-04
-1.401388590772142788e-04
-1.779074395183078328e-04
-2.133830911447454103e-04
-2.458968294043401893e-04
-2.748173602459860992e-04
-2.995629721126243550e-04
-3.196128047500423094e-04
-3.345172826848483443e-04
-3.439075116099134634e-04
-3.475034500985769363e-04
-3.451206868750491641e-04
-3.366756750545249585e-04
-3.221892990242342623e-04
-3.017886765965056470e-04
-2.757071283019179534e-04
-2.442822767305342295e-04
-2.079522711562378887e-04
-1.672501657443913286e-04
-1.227965128731525789e-04
-7.529026590654029562e-05
-2.549811755131411000e-05
2.575756987532933380e-05
7.761205791228838332e-05
1.291725394799542962e-04
1.795332286796298693e-04
2.277909826387931012e-04
2.730611907965356413e-04
3.144936570464793436e-04
3.512881948408896806e-04
3.827096548946428128e-04
4.081021096138818041e-04
4.269019278279101350e-04
4.386494877527159775e-04
4.429992952008417629e-04
4.397282976279594030e-04
4.287422123402400862e-04
4.100797186669149206e-04
3.839143986434924677e-04
3.505543482002205472e-04
3.104394203961047282e-04
2.641361032214166503e-04
2.123300762129237977e-04
1.558165318625109289e-04
9.548838881304108064e-05
3.232256338706203901e-05
-3.263549664290998594e-05
-9.828877766036170230e-05
-1.635068958843049222e-04
-2.271452270649164515e-04
-2.880646520988561264e-04
-3.451515836214347384e-04
-3.973379273731389417e-04
-4.436206267670183699e-04
-4.830804398048063326e-04
-5.148996044033109058e-04
-5.383780612903650911e-04
-5.529479227942914231e-04
-5.581859008557951219e-04
-5.538234381026037280e-04
-5.397543214077987414e-04
-5.160395974683240931e-04
-4.829096539662826098e-04
-4.407633771081554612e-04
-3.901643460022933586e-04
-3.318340756026625662e-04
-2.666423719435715226e-04
-1.955949152138692065e-04
-1.198182369551362007e-04
-4.054230640483580183e-05
4.091901315108947617e-05
1.231893350586565222e-04
2.048526065161550042e-04
2.844770796045094472e-04
3.606399971203022342e-04
4.319525744538337182e-04
4.970848459943097214e-04
5.547899391219514049e-04
6.039273409875287740e-04
6.434847330800258763e-04
6.725979860057080010e-04
6.905689317756023328e-04
6.968805629183363838e-04
6.912093464651908759e-04
6.734343857330296005e-04
6.436432131795164152e-04
6.021340526370075373e-04
5.494144480645042497e-04
4.861962176266136073e-04
4.133867553843511146e-04
3.320767670844129672e-04
2.435245903506565515e-04
1.491373118897564313e-04
5.044895400663512600e-05
-5.090394130545993298e-05
-1.532089512235698561e-04
-2.547062089483309653e-04
-3.536181747496830821e-04
-4.481802459759442656e-04
-5.366716874687407464e-04
-6.174463491432528395e-04
-6.889626318596002268e-04
-7.498121663810558340e-04
-7.987466832828870027e-04
-8.347025740749608458e-04
-8.568226752999198552e-04
-8.644748475730606226e-04
-8.572669698867842495e-04
-8.350580253075790167e-04
-7.979650166008367884e-04
-7.463655183529134627e-04
-6.808957447310367596e-04
-6.024440879426912632e-04
-5.121401604615996410e-04
-4.113394528548466531e-04
-3.016037972165176869e-04
-1.846779024174169772e-04
-6.246230025906987190e-05
6.301689015057484035e-05
1.896409101672891185e-04
3.152334966756301982e-04
4.375976325560590376e-04
5.545533027500426475e-04
6.639756181505955144e-04
7.638326521733662970e-04
8.522223285656445541e-04
9.274077040834173211e-04
9.878500062119564828e-04
1.032238814028916532e-03
1.059518809316374079e-03
1.068912574629353636e-03
1.059938974540168251e-03
1.032426724834968656e-03
9.865228310047668286e-04
9.226956607554665781e-04
8.417325041303465013e-04
7.447315677472205429e-04
6.330884450607840918e-04
5.084772008599258231e-04
3.728263037490216333e-04
2.282897334772761853e-04
7.721367902138521523e-05
-7.790067331260718962e-05
-2.344376863567941994e-04
-3.897105102106591295e-04
-5.410063115880762129e-04
-6.856327475189516159e-04
-8.209649022269426607e-04
-9.444918845860373344e-04
-1.053862275620551583e-03
-1.146927621416442234e-03
-1.221783186685090070e-03
-1.276805217954080128e-03
-1.310684012602279140e-03
-1.322452150120449928e-03
-1.311507314243135587e-03
-1.277629217920796820e-03
-1.220990236234332366e-03
-1.142159453859358745e-03
-1.042099941959954588e-03
-9.221591926838442269e-04
-7.840527558810932119e-04
-6.298412403302731683e-04
-4.619009586307667331e-04
-2.828886089895747712e-04
-9.570049639322742113e-05
9.657310184243811347e-05
2.906977272793237585e-04
4.833479059631991194e-04
6.711628345620880521e-04
8.508036750678516814e-04
1.019011502613682884e-03
1.172664923094236811e-03
1.308836365757975627e-03
1.424846061243198675e-03
1.518312737840688898e-03
1.587200107990903528e-03
1.629858272775588880e-03
1.645059243768967399e-03
1.632025868117054209e-03
1.590453542890988160e-03
1.520524217135022513e-03
1.422912302893622428e-03
1.298782247940740917e-03
1.149777660856656772e-03
9.780020212681868157e-04
7.859911521429991440e-04
5.766777745934961643e-04
3.533486062549568460e-04
1.195945995214825957e-04
-1.207449566316848863e-04
-3.636436301315285817e-04
-6.049533883315253357e-04
-8.404734523655854215e-04
-1.066021351163464739e-03
-1.277505005529863636e-03
-1.470994634055829966e-03
-1.642793253764639758e-03
-1.789504549949728473e-03
-1.908096911960604873e-03
-1.995962474711706139e-03
-2.050970069056923424e-03
-2.071511067169932649e-03
-2.056537210636194459e-03
-2.005589627706378959e-03
-1.918818380382059270e-03
-1.796992029714307914e-03
-1.641496866647353375e-03
-1.454325623460777598e-03
-1.238055654695368723e-03
-9.958167535849557842e-04
-7.312489475528310013e-04
-4.484507913058373473e-04
-1.519188455055107295e-04
1.535208100092642599e-04
4.627880297615104776e-04
7.706298885094602308e-04
1.071706545758270351e-03
1.360680334689091942e-03
1.632306641496251987e-03
1.881525083757181090e-03
2.103549462856888798e-03
2.293954956617799690e-03
2.448761034724469213e-03
2.564508621448868125e-03
2.638330097326177862e-03
2.668010823134486526e-03
2.652040984709742606e-03
2.589656694291321993e-03
2.480869441369753375e-03
2.326483161161603443e-03
2.128098379302747773e-03
1.888103094273497345e-03
1.609650271339242537e-03
1.296622040098313437e-03
9.535809086109963252e-04
5.857085269787230255e-04
1.987327485477495494e-04
-2.011560559597175963e-04
-6.073982806437074793e-04
-1.013166631836606929e-03
-1.411474447489188735e-03
-1.795289154376677717e-03
-2.157649111896424183e-03
-2.491782000308786094e-03
-2.791222848425554525e-03
-3.049929762473498670e-03
-3.262395415200687598e-03
-3.423752382820464957e-03
-3.529870477180644013e-03
-3.577444311182931790e-03
-3.564069456037400555e-03
-3.488305698004899244e-03
-3.349726077964588697e-03
-3.148950597099002807e-03
-2.887663693447068379e-03
-2.568614833884015104e-03
-2.195601820753997034e-03
-1.773436678126149397e-03
-1.307894255454594310e-03
-8.056439621121546865e-04
-2.741653205439400121e-04
2.783517056851436537e-04
8.431203942024306178e-04
1.410883497549347571e-03
1.972050343479682562e-03
2.516842913258489703e-03
3.035448831314928406e-03
3.518179050382058953e-03
3.955627898661161733e-03
4.338833071896512454e-03
4.659433105363306772e-03
4.909819849949584834e-03
5.083283503487403751e-03
5.174147813420175435e-03
5.177893169355656487e-03
5.091265443037147967e-03
4.912368607181276034e-03
4.640739371332316954e-03
4.277402309692164735e-03
3.824904219625931221e-03
3.287326736587374131e-03
2.670276537525486001e-03
1.980852786048016567e-03
1.227591804074153930e-03
4.203892915392568367e-04
-4.295992470877997289e-04
-1.310078878220658632e-03
-2.207755102518546217e-03
-3.108491584206952898e-03
-3.997483835890480557e-03
-4.859446684000584375e-03
-5.678813103953503361e-03
-6.439941810211121526e-03
-7.127330818151689923e-03
-7.725834064883317469e-03
-8.220878087232926651e-03
-8.598675708890547026e-03
-8.846433686233586349e-03
-8.952551304204156221e-03
-8.906806999611011771e-03
-8.700530218563908014e-03
-8.326755885953690539e-03
-7.780359075862364714e-03
-7.058167719810054183e-03
-6.159051471532242528e-03
-5.083985158716520028e-03
-3.836085589523937408e-03
-2.420620840074044246e-03
-8.449915233383026129e-04
8.813160752533713950e-04
2.746804720245635528e-03
4.738068141978345540e-03
6.839919097928223550e-03
9.035542160272354989e-03
1.130666945617840591e-02
1.363377725559665986e-02
1.599630099699482152e-02
1.837286606908913184e-02
2.074153143029072374e-02
2.308004295089894145e-02
2.536609320906512907e-02
2.757758436263831048e-02
2.969289065695538549e-02
3.169111711454132563e-02
3.355235098692915113e-02
3.525790263108028594e-02
3.679053260216560289e-02
3.813466192904770014e-02
3.927656275631483812e-02
4.020452679414955599e-02
4.090900931107875615e-02
4.138274673061756448e-02
4.162084624638055785e-02
4.162084624638055785e-02
4.138274673061756448e-02
4.090900931107876309e-02
4.020452679414955599e-02
3.927656275631483812e-02
3.813466192904770014e-02
3.679053260216560289e-02
3.525790263108028594e-02
3.355235098692915113e-02
3.169111711454132563e-02
2.969289065695538549e-02
2.757758436263831048e-02
2.536609320906512907e-02
2.308004295089894145e-02
2.074153143029072374e-02
1.837286606908913184e-02
1.599630099699482152e-02
1.363377725559665986e-02
1.130666945617840764e-02
9.035542160272354989e-03
6.839919097928223550e-03
4.738068141978345540e-03
2.746804720245635528e-03
8.813160752533713950e-04
-8.449915233383026129e-04
-2.420620840074044246e-03
-3.836085589523937408e-03
-5.083985158716520028e-03
-6.159051471532242528e-03
-7.058167719810054183e-03
-7.780359075862364714e-03
-8.326755885953690539e-03
-8.700530218563908014e-03
-8.906806999611011771e-03
-8.952551304204156221e-03
-8.846433686233586349e-03
-8.598675708890547026e-03
-8.220878087232926651e-03
-7.725834064883318336e-03
-7.127330818151689923e-03
-6.439941810211121526e-03
-5.678813103953503361e-03
-4.859446684000584375e-03
-3.997483835890480557e-03
-3.108491584206952898e-03
-2.207755102518546217e-03
-1.310078878220658632e-03
-4.295992470877997831e-04
4.203892915392568367e-04
1.227591804074153930e-03
1.980852786048016567e-03
2.670276537525486434e-03
3.287326736587374131e-03
3.824904219625931221e-03
4.277402309692164735e-03
4.640739371332316954e-03
4.912368607181276034e-03
5.091265443037147967e-03
5.177893169355656487e-03
5.174147813420175435e-03
5.083283503487403751e-03
4.909819849949584834e-03
4.659433105363306772e-03
4.338833071896512454e-03
3.955627898661161733e-03
3.518179050382058953e-03
3.035448831314928406e-03
2.516842913258489703e-03
1.972050343479682562e-03
1.410883497549347571e-03
8.431203942024306178e-04
2.783517056851436537e-04
-2.741653205439400121e-04
-8.056439621121546865e-04
-1.307894255454594310e-03
-1.773436678126149397e-03
-2.195601820753997034e-03
-2.568614833884015104e-03
-2.887663693447068379e-03
-3.148950597099003674e-03
-3.349726077964588697e-03
-3.488305698004899244e-03
-3.564069456037400555e-03
-3.577444311182931790e-03
-3.529870477180644013e-03
-3.423752382820464957e-03
-3.262395415200687598e-03
-3.049929762473498670e-03
-2.791222848425554525e-03
-2.491782000308786094e-03
-2.157649111896424183e-03
-1.795289154376677717e-03
-1.411474447489188735e-03
-1.013166631836606929e-03
-6.073982806437074793e-04
-2.011560559597175963e-04
1.987327485477495765e-04
5.857085269787230255e-04
9.535809086109963252e-04
1.296622040098313437e-03
1.609650271339242971e-03
1.888103094273497345e-03
2.128098379302747773e-03
2.326483161161603443e-03
2.480869441369753809e-03
2.589656694291321993e-03
2.652040984709742606e-03
2.668010823134486526e-03
2.638330097326178295e-03
2.564508621448868125e-03
2.448761034724469213e-03
2.293954956617799690e-03
2.103549462856889232e-03
1.881525083757181090e-03
1.632306641496251987e-03
1.360680334689091942e-03
1.071706545758270568e-03
7.706298885094602308e-04
4.627880297615104776e-04
1.535208100092642599e-04
-1.519188455055107566e-04
-4.484507913058373473e-04
-7.312489475528310013e-04
-9.958167535849557842e-04
-1.238055654695368940e-03
-1.454325623460777598e-03
-1.641496866647353375e-03
-1.796992029714307914e-03
-1.918818380382059270e-03
-2.005589627706379826e-03
-2.056537210636194459e-03
-2.071511067169932649e-03
-2.050970069056923424e-03
-1.995962474711706573e-03
-1.908096911960604873e-03
-1.789504549949728473e-03
-1.642793253764639758e-03
-1.470994634055830183e-03
-1.277505005529863636e-03
-1.066021351163464739e-03
-8.404734523655852047e-04
-6.049533883315253357e-04
-3.636436301315285817e-04
-1.207449566316848863e-04
1.195945995214825957e-04
3.533486062549568460e-04
5.766777745934962727e-04
7.859911521429991440e-04
9.780020212681865988e-04
1.149777660856656772e-03
1.298782247940740917e-03
1.422912302893622428e-03
1.520524217135022513e-03
1.590453542890988376e-03
1.632025868117054643e-03
1.645059243768967399e-03
1.629858272775588446e-03
1.587200107990903528e-03
1.518312737840688898e-03
1.424846061243198675e-03
1.308836365757975627e-03
1.172664923094237244e-03
1.019011502613682884e-03
8.508036750678517899e-04
6.711628345620878353e-04
4.833479059631991194e-04
2.906977272793237585e-04
9.657310184243811347e-05
-9.570049639322742113e-05
-2.828886089895748255e-04
-4.619009586307668415e-04
-6.298412403302733852e-04
-7.840527558810933204e-04
-9.221591926838439016e-04
-1.042099941959954588e-03
-1.142159453859358745e-03
-1.220990236234332366e-03
-1.277629217920796820e-03
-1.311507314243135804e-03
-1.322452150120450145e-03
-1.310684012602279357e-03
-1.276805217954079695e-03
-1.221783186685090070e-03
-1.146927621416442234e-03
-1.053862275620551583e-03
-9.444918845860373344e-04
-8.209649022269426607e-04
-6.856327475189518328e-04
-5.410063115880764297e-04
-3.897105102106590752e-04
-2.344376863567941994e-04
-7.790067331260718962e-05
7.721367902138521523e-05
2.282897334772761853e-04
3.728263037490216875e-04
5.084772008599259315e-04
6.330884450607842003e-04
7.447315677472204345e-04
8.417325041303463928e-04
9.226956607554665781e-04
9.865228310047668286e-04
1.032426724834968872e-03
1.059938974540168468e-03
1.068912574629353853e-03
1.059518809316374512e-03
1.032238814028916532e-03
9.878500062119560492e-04
9.274077040834173211e-04
8.522223285656445541e-04
7.638326521733664054e-04
6.639756181505955144e-04
5.545533027500428643e-04
4.375976325560592003e-04
3.152334966756300898e-04
1.896409101672891185e-04
6.301689015057482680e-05
-6.246230025906987190e-05
-1.846779024174169772e-04
-3.016037972165177411e-04
-4.113394528548467073e-04
-5.121401604615998578e-04
-6.024440879426913717e-04
-6.808957447310366512e-04
-7.463655183529132459e-04
-7.979650166008367884e-04
-8.350580253075790167e-04
-8.572669698867843580e-04
-8.644748475730608395e-04
-8.568226752999201805e-04
-8.347025740749610626e-04
-7.987466832828868943e-04
-7.498121663810556172e-04
-6.889626318596002268e-04
-6.174463491432528395e-04
-5.366716874687408548e-04
-4.481802459759443740e-04
-3.536181747496831905e-04
-2.547062089483310737e-04
-1.532089512235698290e-04
-5.090394130545992620e-05
5.044895400663512600e-05
1.491373118897564313e-04
2.435245903506566057e-04
3.320767670844129672e-04
4.133867553843512772e-04
4.861962176266138242e-04
5.494144480645041413e-04
6.021340526370074289e-04
6.436432131795164152e-04
6.734343857330296005e-04
6.912093464651910928e-04
6.968805629183366006e-04
6.905689317756026581e-04
6.725979860057081094e-04
6.434847330800257678e-04
6.039273409875286656e-04
5.547899391219512965e-04
4.970848459943097214e-04
4.319525744538337182e-04
3.606399971203023427e-04
2.844770796045095014e-04
2.048526065161550855e-04
1.231893350586565493e-04
4.091901315108946940e-05
-4.054230640483579506e-05
-1.198182369551362007e-04
-1.955949152138692065e-04
-2.666423719435715768e-04
-3.318340756026625662e-04
-3.901643460022935755e-04
-4.407633771081556780e-04
-4.829096539662825014e-04
-5.160395974683239847e-04
-5.397543214077987414e-04
-5.538234381026037280e-04
-5.581859008557952303e-04
-5.529479227942915315e-04
-5.383780612903653080e-04
-5.148996044033111227e-04
-4.830804398048062242e-04
-4.436206267670182615e-04
-3.973379273731389417e-04
-3.451515836214347384e-04
-2.880646520988562349e-04
-2.271452270649165057e-04
-1.635068958843049764e-04
-9.828877766036174296e-05
-3.263549664290998594e-05
3.232256338706203223e-05
9.548838881304108064e-05
1.558165318625109289e-04
2.123300762129238519e-04
2.641361032214167045e-04
3.104394203961048909e-04
3.505543482002206556e-04
3.839143986434924135e-04
4.100797186669148122e-04
4.287422123402400862e-04
4.397282976279594030e-04
4.429992952008417629e-04
4.386494877527160859e-04
4.269019278279102434e-04
4.081021096138820210e-04
3.827096548946429212e-04
3.512881948408895722e-04
3.144936570464792894e-04
2.730611907965356413e-04
2.277909826387931012e-04
1.795332286796299235e-04
1.291725394799543233e-04
7.761205791228841043e-05
2.575756987532935074e-05
-2.549811755131410322e-05
-7.529026590654026851e-05
-1.227965128731525789e-04
-1.672501657443913286e-04
-2.079522711562379158e-04
-2.442822767305342837e-04
-2.757071283019180618e-04
-3.017886765965058639e-04
-3.221892990242341539e-04
-3.366756750545248501e-04
-3.451206868750491641e-04
-3.475034500985769363e-04
-3.439075116099135718e-04
-3.345172826848483985e-04
-3.196128047500424721e-04
-2.995629721126245176e-04
-2.748173602459860992e-04
-2.458968294043401893e-04
-2.133830911447454103e-04
-1.779074395183078328e-04
-1.401388590772142788e-04
-1.007717283262122757e-04
-6.051333979167653420e-05
-2.007145652343672422e-05
1.985788031300925565e-05
5.860208688612827564e-05
9.552312151689278032e-05
1.300277405103308502e-04
1.615767647518666773e-04
1.896932173449748370e-04
2.139692150997918709e-04
2.340715207884760669e-04
2.497456883084528249e-04
2.608187587745891219e-04
2.672004916299409029e-04
2.688831406617969689e-04
2.659398098900280644e-04
2.585214482342670862e-04
2.468525642705545311e-04
2.312257628970261199e-04
2.119952240233105144e-04
1.895692592063114175e-04
1.644020952522579743e-04
1.369850440200323606e-04
1.078372248766757026e-04
7.749601041082787134e-05
4.650736709701622408e-05
1.541626067037488233e-05
-1.524270888287442050e-05
-4.495428544040447067e-05
-7.323100089012170712e-05
-9.962095078129341614e-05
-1.237147815726942067e-04
-1.451517859584308722e-04
-1.636250205835512814e-04
-1.788853793914243833e-04
-1.907445755169751565e-04
-1.990770046925420685e-04
-2.038204832063064936e-04
-2.049758731945032031e-04
-2.026056271191803860e-04
-1.968313013638724011e-04
-1.878301056755720484e-04
-1.758305704274523186e-04
-1.611074271409416634e-04
-1.439758091926438975e-04
-1.247848889852629431e-04
-1.039110749672933205e-04
-8.175089667122724000e-05
-5.871370837441358253e-05
-3.521434208271979514e-05
-1.166583834776264946e-05
1.152762095407668947e-05
3.397746019970236447e-05
5.531702862294841835e-05
7.520739067283974100e-05
9.334250040941833139e-05
1.094536850292244639e-04
1.233133764216285712e-04
1.347380442002060730e-04
1.435902986571954091e-04
1.497801472793430376e-04
1.532654035692300129e-04
1.540512616744974385e-04
1.521890644879793852e-04
1.477743062110322639e-04
1.409439226571459797e-04
1.318729336238100985e-04
1.207705113146860640e-04
1.078755569171141975e-04
9.345187392809458813e-05
7.778303160270206044e-05
6.116701493190894586e-05
4.391075883352620551e-05
2.632466378285487122e-05
8.717187971276940637e-06
-8.610392657812806583e-06
-2.536897037867428018e-05
-4.128625813699086542e-05
-5.611103677387485096e-05
-6.961693415766755360e-05
-8.160568307409590502e-05
-9.190981510716636439e-05
-1.003947585947904063e-04
-1.069603198624038086e-04
-1.115415381233250290e-04
-1.141089154893972890e-04
-1.146680342701831342e-04
-1.132585839750525111e-04
-1.099528300052099818e-04
-1.048535647833632865e-04
-9.809158988719602181e-05
-8.982278451907767995e-05
-8.022482127007508185e-05
-6.949359455542204658e-05
-5.783943026829066171e-05
-4.548314709914660258e-05
-3.265204060231903814e-05
-1.957586048468137730e-05
-6.482849789596086818e-06
6.404088281755574107e-06
1.887103414655374802e-05
3.071644937274657601e-05
4.175427688417471386e-05
5.181669922287367945e-05
6.075651729867025461e-05
6.844911954092183369e-05
7.479401914929105564e-05
7.971594507707655246e-05
8.316548033088598101e-05
8.511924899767989259e-05
8.557966098407632596e-05
8.457423065154874380e-05
8.215449224338087597e-05
7.839454112556478935e-05
7.338923531815115292e-05
6.725209650423823421e-05
6.011295361423388012e-05
5.211537515237605429e-05
4.341393863560986287e-05
3.417138684231584570e-05
2.455572102598516172e-05
1.473728085716438012e-05
4.885859650130303364e-06
-4.832098544278404149e-06
-1.425617608310632099e-05
-2.323449254290996612e-05
-3.162601251978331774e-05
-3.930261811170928819e-05
-4.615091854277424854e-05
-5.207377445527015141e-05
-5.699151966959284328e-05
-6.084286859954043578e-05
-6.358550292009044200e-05
-6.519633642720120553e-05
-6.567146222022063708e-05
-6.502579129840724628e-05
-6.329239632206966153e-05
-6.052157858176795751e-05
-5.677968009024743687e-05
-5.214766611471525343e-05
-4.671950636450978878e-05
-4.060038541360514195e-05
-3.390477475081046175e-05
-2.675440010448972944e-05
-1.927613838396311541e-05
-1.159987872591160852e-05
-3.856381748765951890e-06
3.824829773531109671e-06
1.131751697298417839e-05
1.850067764139588992e-05
2.526037783006379074e-05
3.149143699196357089e-05
3.709894420312327652e-05
4.199958608455386987e-05
4.612277032193588095e-05
4.941153209332338676e-05
5.182321421190234126e-05
5.332991531907765696e-05
5.391870397240137644e-05
5.359159991519441452e-05
5.236532714528782645e-05
5.027084657772401809e-05
4.735267908298813503e-05
4.366803244500194227e-05
3.928574829261798090e-05
3.428508729011040315e-05
2.875437280602206877e-05
2.278951490001757628e-05
1.649243776286725695e-05
9.969434708294177839e-06
3.329475444192644432e-06
-3.317509354342760615e-06
-9.862341182131178398e-06
-1.619827991887955878e-05
-2.222265915570814667e-05
-2.783844762919864788e-05
-3.295571500094388739e-05
-3.749298172332033249e-05
-4.137843447472417210e-05
